Length - Number Of Formats
000003                 1
000005                 1
000006                 5
000007                 2
000008                16
000009                10
000010                13
000011                32
000012                95
000013                78
000014               145
000015               302
000016               401
000017               567
000018              1068
000019              1573
000020              2329
000021              3789
000022              5437
000023              7509
000024             11036
000025             14986
000026             19219
000027             25964
000028             33185
000029             39377
000030             47060
000031             55827
000032             60771
000033             65485
000034             72031
000035             74781
000036             75799
000037             78694
000038             80038
000039             77727
000040             76706
000041             75276
000042             69600
000043             64049
000044             58802
000045             50706
000046             42512
000047             35244
000048             27622
000049             20667
000050             15098
000051             10338
000052              6578
000053              3972
000054              2092
000055               988
000056               352
000057                48
